# HD 3651 b (Fischer et al. 2003, ApJ 590, 1081-1087)
# Column 1 = JD-2440000 
# Column 2 = Radial Velocity (m/s)
# Column 3 = Uncertainties (m/s)
# Column 4 = Observatory
 7047.854   13.74  7.88      
 7374.940   -3.19  7.15      
 7430.758    9.30  6.65      
 7846.849   -7.82  8.95      
 8113.959   -4.21  9.31      
 8199.717  -13.79  8.41      
 8645.680   -3.08 10.52      
 8845.939   15.77  7.16      
 8846.983   26.93  6.16      
 8905.861   19.52  6.97      
 8991.737  -10.76  7.00      
 9306.678  -22.83  5.98      
 9349.646    1.80  9.17      
 9588.915   19.98  6.25      
 9603.889    3.66  6.12      
 9622.835  -15.49  8.62      
 9680.681   12.47  4.63      
10004.929  -10.21  3.22      
10072.696  -22.48  3.41      
10087.678    7.03  3.34      
10121.626   -5.52  4.50      
10124.631  -13.36  4.62      
10125.623  -15.74  3.82      
10126.629   -8.18  4.42      
10127.652  -11.71  4.66      
10128.633  -16.66  4.14      
10298.990    3.82  2.31      
10300.006   -3.58  2.81      
10300.881    2.15  2.97      
10304.920    0.53  2.82      
10305.910   -3.56  3.41      
10307.921   -1.58  3.32      
10308.860   -5.22  2.73      
10309.904   -5.07  3.32      
10310.872   -4.23  3.06      
10311.884    0.77  2.16      
10326.907   10.35  3.28      
10366.925   -3.11  2.74      
10421.677   -9.28  2.56      
10437.723  -16.54  2.96      
10441.698  -16.34  3.06      
10640.977   11.99  3.35      
10655.974    7.24  2.99      
10656.929    5.84  3.26      
10667.033    1.34  3.99      
10681.973   -1.60  3.21      
10716.051    2.15  2.97      
10767.720    0.36  3.73      
10793.708    0.72  3.06      
11044.061   -5.39  3.01      
11046.934   -2.96  4.98      
11071.029   -0.51  2.89      
11130.693  -35.84  5.99      
11173.824    1.53  3.92      
11175.627   -8.20  6.65      
11368.050   -5.17  3.03      
11438.846  -18.76  3.14      
11551.688   -1.15  5.83      
11756.006   -1.21  2.71      
11825.747    8.62  5.33      
11880.668   -9.94  4.06      
12096.111    5.72  3.79      
12102.020    1.23  3.60      
12120.894  -16.08  5.27      
12128.082  -26.39  3.26      
12133.920    5.94  2.86      
12157.848    6.20  4.22      
12158.878    2.71  4.19      
12159.844    0.44  3.85      
12160.875   -3.58  5.13      
12161.856    2.98  3.90      
12182.806  -13.58  4.54      
12183.795  -23.55  4.89      
12185.801  -18.80  2.93      
12186.800  -19.63  3.03      
12188.947  -15.61  3.58      
12189.829  -19.12  2.96      
12200.822    6.67  2.87      
12201.829    6.77  3.00      
12202.762    6.83  3.94      
12203.760   12.73  3.05      
12204.767    7.59  2.78      
12214.775    9.07  3.18      
12216.728    1.48  3.08      
12218.747    4.12  3.04      
12220.735   -8.27  3.22      
12221.793    0.00  4.09      
12235.698   -5.91  2.99      
12236.759   -4.52  2.78      
12237.729  -12.13  3.33      
12241.639  -22.49  2.33      
12474.923    8.35  3.34      
12475.924    5.29  3.52      
12476.936   -6.97  3.76      
12477.935   -1.69  3.43      
12478.914    1.02  2.87      
12491.866  -18.31  2.82      
12493.918  -29.99  2.72      
12508.908    4.57  2.59      
12509.844    7.87  2.80      
12510.944   17.18  4.13      
12511.961    5.08  2.79      
12512.932    2.39  2.16      
12513.934    2.58  2.82      
12514.915   10.82  3.46      
12515.020    7.38  3.16      
12515.869    4.88  3.60      
12516.917   10.10  5.12      
12520.885    4.36  2.82      
12522.843   11.10  3.73      
12523.877   -0.69  2.61      
12524.856    0.61  3.30      
12534.869  -15.28  3.96      
12535.819    0.30  3.06      
12535.897  -16.28  2.43      
12551.823  -12.82  2.81      
12552.811  -13.87  2.24      
12553.773   -9.29  2.30      
12554.767   -9.36  2.56      
12572.760    8.05  3.30      
12574.835    7.70  4.20      
12576.761   13.88  2.35      
12581.737    9.56  3.28      
12582.787    0.48  2.12      
12583.747    7.00  2.48      
12593.699    3.56  2.29      
12594.747    3.65  2.51      
12597.685    0.16  2.29      
12599.782    4.03  2.54      
12600.717   -1.72  2.17      
12601.712   -6.69  2.19      
12602.777   -3.30  2.28      
12606.667   10.87  2.85      
12608.735    0.43  2.92      
12612.637  -17.36  3.67      
12613.635  -13.00  1.93      
12627.747   -5.35  2.05      
12631.640   12.73  2.37      